0.286584
0.256528
0.106503
0.297201
0.24914
0.182134
0.18628
0.231065
0.0658423
0.266572
0.0557981
0.105302
0.0376792
0.265887
0.264682
0.267278
0.112057
0.216552
0.0902244
0.161615
0.180136
0.181008
0.159118
0.339278
0.260823
0.00612789
0.157012
0.0424683
0.298878
0.203391
2.0938e-06
0.307511
0.00581617
0.139693
0.329362
1.42644e-07
0.330407
0.15546
0.330144
0.000186746
0.00706583
0.145137
0.163695
0.00069547
0.163929
0.126504
0.0625524
0.0791305
0.078716
3.01379e-06
0.181379
0.0183631
0.000202191
0.31
0.214217
0.192761
0.158098
1.78052e-08
3.57467e-07
0.0898242
0.00292259
5.50652e-09
0.194255
4.65868e-10
0.0723695
0.168032
0.000247374
0.0794706
3.34546e-10
0.0561046
0.000106446
0.0538569
1.91381e-07
0.0688014
0.00495718
0.470374
7.93296e-10
0.0464141
0.00835302
0.0414445
0.0355781
3.77051e-09
0.23725
0.0301622
0.0290124
0.000209079
0.223887
0.00362064
0.0233148
0.0271324
0.000331223
3.06894e-06
0.0226496
0.397056
0.0287469
0.229841
2.06707e-09
0.0133957
2.44215e-09
0.132597
0.373662
0.154899
0.00405494
0.00148369
0.250914
0.00248601
0.00727791
0.00425301
0.0177025
3.34475e-08
3.5071e-07
0.00215241
0.00860646
1.41862e-08
0.0152584
0.0169452
0.0179696
0.0932099
3.68219e-10
0.0333061
2.04723e-05
0.199097
0.0189567
0.0168404
0.0185513
0.00830443
0.0158282
0.0156682
0.195861
5.38918e-10
0.0166443
0.16854
0.0143496
0.209064
0.00159827
0.000658186
4.29222e-10
0.031129
9.77373e-06
0.201406
0.37943
0.0176616
0.0207343
0.00260276
0.0613609
0.0517207
0.0218947
0.00436698
0.343794
5.12433e-08
0.0101949
2.87534e-09
0.0425501
0.018743
0.00381046
0.0579204
0.00518099
0.00353344
0.00527189
0.0152004
0.000134256
0.193004
0.00649385
5.40379e-09
0.0160921
0.00716674
0.0151858
0.000906329
0.0159185
0.0168023
0.00628848
4.50551e-10
0.00335293
0.0127448
0.0021446
6.88996e-10
0.000770176
8.25396e-10
0.000607908
0.0041295
4.6551e-10
0.00279564
0.024587
3.63318e-09
0.0127377
2.91519e-10
0.250304
1.15698e-05
0.00385639
0.00785901
0.0163903
0.014731
0.000301632
0.00146182
1.6531e-10
0.398827
4.71917e-10
0.00569033
0.0156749
0.153836
0.377589
0.00747492
0.266841
0.0100573
0.0149237
0.0165934
6.76102e-06
0.018249
1.2695e-09
5.48405e-10
0.0588777
0.00498276
0.00255822
0.0147743
5.76002e-09
0.00844411
3.44749e-09
0.0135112
0.0131315
0.0123887
7.57262e-10
0.00698496
0.0459358
1.31803e-06
3.28611e-08
2.41334e-09
0.00159802
0.00142157
1.14098e-09
0.0137466
0.0352509
2.28723e-09
0.0257368
0.0048595
0.286363
6.39626e-06
0.0161802
0.18101
1.66968e-08
1.95122e-08
0.00582485
0.423319
1.02939e-10
0.00564461
0.0046515
1.52873e-09
1.60372e-08
6.61579e-06
0.0147101
1.73451e-08
6.00286e-10
0.0135513
1.55277e-10
0.0145271
6.00721e-06
0.00131192
0.0136796
0.000698043
0.213262
0.0139022
3.27138e-06
0.000437875
0.170839
0.00211508
1.30708e-07
0.0131563
1.43891e-09
0.0175789
0.00424738
6.63105e-10
0.000211395
2.9005e-09
0.0142582
0.00115106
0.28325
0.0143613
3.02088e-10
0.0132641
0.000684511
0.000226193
0.0130494
0.0146219
0.437655
2.05006e-08
0.0118954
0.013724
4.00041e-05
1.99537e-09
0.013462
0.0151237
0.106451
0.014965
8.44528e-09
1.1267e-09
1.07113e-09
0.000202475
2.88116e-09
0.0136323
5.25268e-10
0.165117
5.13784e-09
3.21254e-08
0.0146102
5.19943e-08
